time (s)	theta (A)	maj axis/z0	min axis/z0	crossing#mod 255
2618.878191	73.692398	0.798371	0.065921	233
2620.945024	73.794235	0.797234	0.066503	235
2623.012573	73.899712	0.796795	0.067102	237
2625.080228	74.017380	0.796551	0.067495	239
2627.148726	73.957962	0.797481	0.068394	241
2629.218818	73.726555	0.797023	0.068744	243
2631.290743	73.292671	0.798491	0.069290	245
2633.363431	72.748581	0.799895	0.070086	247
2635.434254	72.187271	0.801585	0.070268	249
2637.501624	72.037476	0.804293	0.070737	251
2639.564599	72.332741	0.804362	0.071015	253
2641.625840	72.923233	0.803947	0.070550	255
2643.687001	73.592041	0.801008	0.071040	1
2645.750124	74.128387	0.798578	0.071915	3
2647.815277	74.430374	0.795489	0.072725	5
2649.881897	74.420174	0.793111	0.073009	7
2651.950137	74.268669	0.794145	0.073544	9
2654.018778	74.021080	0.795420	0.074698	11
2656.087729	73.913681	0.795916	0.074996	13
2658.155835	73.869026	0.796344	0.075528	15
2660.223008	73.828995	0.795247	0.076265	17
2662.289164	73.856438	0.795502	0.076458	19
2664.354424	73.920433	0.795103	0.077069	21
2666.419464	74.016197	0.794028	0.077856	23
2668.484522	73.977806	0.792963	0.077877	25
2670.550836	73.913422	0.791365	0.078566	27
2672.619506	73.795845	0.791669	0.078925	29
2674.690018	73.696587	0.791952	0.079792	31
2676.763152	73.477028	0.794100	0.079732	33
2678.835104	73.352173	0.796662	0.080526	35
2680.906036	73.184875	0.798610	0.081299	37
2682.974374	73.138603	0.800672	0.081867	39
2685.040004	73.230942	0.802011	0.082639	41
2687.103626	73.406174	0.801497	0.083164	43
2689.167204	73.573006	0.799996	0.082847	45
2691.230504	73.824745	0.797562	0.084035	47
2693.294905	74.064003	0.795104	0.084593	49
2695.360100	74.218094	0.793935	0.085382	51
2697.426303	74.325867	0.792646	0.085576	53
2699.493332	74.348511	0.792081	0.086505	55
2701.561026	74.293648	0.791276	0.086474	57
2703.629745	74.070938	0.791725	0.086919	59
2705.699596	73.738342	0.792164	0.087333	61
2707.770391	73.316956	0.793472	0.088050	63
2709.841038	72.906586	0.794635	0.088552	65
2711.910226	72.591484	0.795918	0.089044	67
2713.977435	72.507187	0.797654	0.089656	69
2716.041840	72.839882	0.798721	0.089815	71
2718.103795	73.289986	0.798663	0.090210	73
2720.165776	73.860306	0.795150	0.089756	75
2722.228710	74.358582	0.792188	0.090170	77
2724.292838	74.755936	0.789265	0.090735	79
2726.357899	75.009277	0.786516	0.091167	81
2728.424342	75.109665	0.785368	0.091975	83
2730.491130	75.085442	0.785103	0.092230	85
2732.558145	75.001968	0.785998	0.093271	87
2734.625258	74.945274	0.787187	0.093723	89
2736.692223	74.861115	0.786921	0.093868	91
2738.758762	74.895653	0.786024	0.094352	93
2740.825394	74.914383	0.785978	0.094924	95
2742.891924	74.852646	0.785203	0.095739	97
2744.958598	74.862831	0.784581	0.095760	99
2747.026229	74.745522	0.784731	0.096673	101
2749.095005	74.583321	0.785509	0.097247	103
2751.165014	74.421989	0.787267	0.097905	105
2753.236452	74.257347	0.788123	0.098392	107
2755.307934	74.016273	0.788485	0.098915	109
2757.379043	73.778343	0.790552	0.099853	111
2759.448698	73.653549	0.791474	0.100480	113
2761.516609	73.575302	0.792215	0.101102	115
2763.582966	73.626144	0.792527	0.101533	117
2765.647884	73.769257	0.792676	0.102105	119
2767.712510	73.963760	0.791523	0.102404	121
2769.777194	74.191025	0.790295	0.102555	123
2771.842242	74.369728	0.789369	0.103203	125
2773.907987	74.501930	0.788493	0.103658	127
2775.974766	74.542915	0.787569	0.103930	129
2778.042100	74.552071	0.787215	0.104648	131
2780.110239	74.370071	0.787355	0.105087	133
2782.179009	74.115349	0.787226	0.105269	135
2784.247879	73.801926	0.787260	0.106135	137
2786.317270	73.474655	0.787627	0.106558	139
2788.385488	73.265976	0.788553	0.106681	141
2790.453262	73.194031	0.789499	0.107292	143
2792.519115	73.300484	0.789934	0.107390	145
2794.583564	73.630180	0.789815	0.107696	147
2796.646815	74.082092	0.789263	0.107745	149
2798.709830	74.574699	0.786856	0.108141	151
2800.773667	75.006142	0.784356	0.108173	153
2802.837615	75.368500	0.782321	0.108925	155
2804.902891	75.626427	0.780744	0.108993	157
2806.968205	75.805565	0.778492	0.109000	159
2809.034334	75.905647	0.777960	0.109769	161
2811.100784	75.891495	0.777906	0.110593	163
2813.167411	75.917137	0.777897	0.110657	165
2815.234295	75.904709	0.778025	0.111181	167
2817.301246	75.887115	0.778114	0.111777	169
2819.368442	75.838379	0.778479	0.112522	171
2821.435578	75.767548	0.778540	0.112901	173
2823.503579	75.680664	0.777995	0.112992	175
2825.572278	75.569244	0.778070	0.113420	177
2827.641634	75.352554	0.778147	0.113943	179
2829.711823	75.132111	0.778400	0.114169	181
2831.782370	74.881027	0.779873	0.114669	183
2833.852812	74.684021	0.780720	0.115005	185
2835.923078	74.476974	0.781044	0.115699	187
2837.992181	74.310272	0.781161	0.116170	189
2840.060153	74.201485	0.781934	0.116831	191
2842.127066	74.224968	0.782266	0.117410	193
2844.193227	74.288467	0.783038	0.117823	195
2846.258501	74.494980	0.782883	0.118590	197
2848.324013	74.713814	0.783275	0.119032	199
2850.389676	74.838425	0.782902	0.119074	201
2852.456183	74.900894	0.781470	0.119731	203
2854.522865	75.024757	0.782161	0.119835	205
2856.589918	74.922638	0.781184	0.120696	207
2858.657483	74.822807	0.780341	0.120820	209
2860.725434	74.603714	0.779648	0.121157	211
2862.793854	74.418747	0.779940	0.121544	213
2864.862113	74.205605	0.779764	0.121723	215
2866.929667	74.100029	0.780439	0.122151	217
2868.996518	74.046684	0.780794	0.122657	219
2871.062581	74.184570	0.780753	0.122932	221
2873.127639	74.421997	0.780673	0.123090	223
2875.191992	74.791962	0.779748	0.122946	225
2877.255953	75.244209	0.779079	0.123176	227
2879.319934	75.662094	0.777634	0.123356	229
2881.384206	75.989975	0.776086	0.123706	231
2883.449054	76.316025	0.774854	0.123894	233
2885.514412	76.497452	0.773573	0.123475	235
2887.579658	76.737160	0.772799	0.124241	237
2889.645576	76.903000	0.771592	0.125676	239
2891.712468	76.828529	0.771868	0.125378	241
2893.779299	76.856117	0.771177	0.126074	243
2895.846244	76.846870	0.770667	0.126135	245
2897.913462	76.772308	0.770041	0.126448	247
2899.981126	76.719185	0.769853	0.126462	249
2902.049131	76.569298	0.770150	0.126733	251
2904.118009	76.410347	0.770760	0.127141	253
2906.187129	76.240578	0.770946	0.127531	255
2908.256753	76.042061	0.772232	0.128334	1
2910.326449	75.842583	0.773919	0.128871	3
2912.396271	75.611191	0.774963	0.129970	5
2914.465593	75.440552	0.775893	0.130383	7
2916.534629	75.235329	0.775586	0.130597	9
2918.602899	75.133759	0.776384	0.131027	11
2920.670721	75.073265	0.776194	0.131730	13
2922.737396	75.063644	0.776050	0.131953	15
2924.803752	75.160095	0.775209	0.131961	17
2926.869968	75.208466	0.774860	0.132402	19
2928.936092	75.360718	0.774398	0.132490	21
2931.002373	75.440056	0.773036	0.132330	23
2933.068237	75.449394	0.772669	0.132527	25
