crossing time (s)	slope (V/s)	crossing number
2618.878085	2.990147	2025
2619.936774	2.979594	2026
2620.944955	2.926663	2027
2622.003910	2.947025	2028
2623.012361	2.862377	2029
2624.070203	2.963034	2030
2625.080013	3.053153	2031
2626.135678	3.094961	2032
2627.148412	3.121521	2033
2628.199975	3.103291	2034
2629.218701	3.104333	2035
2630.263053	3.072859	2036
2631.290582	2.992096	2037
2632.324977	3.036714	2038
2633.363228	2.969946	2039
2634.387475	3.014389	2040
2635.433843	2.994838	2041
2636.451658	2.936542	2042
2637.501241	2.982523	2043
2638.519485	2.983388	2044
2639.564497	2.915463	2045
2640.590744	3.073874	2046
2641.625771	3.075414	2047
2642.664124	3.074680	2048
2643.686771	3.067055	2049
2644.736630	3.159482	2050
2645.749845	2.989906	2051
2646.807148	3.207559	2052
2647.814756	2.831867	2053
2648.874734	3.030290	2054
2649.881662	2.835381	2055
2650.940244	2.984886	2056
2651.950034	2.999524	2057
2653.004637	2.907394	2058
2654.018652	3.033306	2059
2655.069658	3.000044	2060
2656.087595	2.993917	2061
2657.135279	3.068650	2062
2658.155575	3.116904	2063
2659.201824	3.116018	2064
2660.222894	3.145646	2065
2661.269309	3.149958	2066
2662.288876	3.126489	2067
2663.337835	3.107809	2068
2664.354304	3.109422	2069
2665.407169	3.106601	2070
2666.419214	3.079145	2071
2667.475960	3.168148	2072
2668.484386	3.099919	2073
2669.544181	3.102115	2074
2670.550630	2.968769	2075
2671.610826	3.195376	2076
2672.619130	2.917835	2077
2673.675154	3.161878	2078
2674.689619	3.090925	2079
2675.737195	3.109379	2080
2676.762923	3.051765	2081
2677.798550	3.122023	2082
2678.834998	3.104859	2083
2679.860475	3.210291	2084
2680.905972	3.085213	2085
2681.924562	3.190264	2086
2682.974092	3.076685	2087
2683.991516	3.077464	2088
2685.039829	3.146315	2089
2686.060925	3.132257	2090
2687.103230	3.090951	2091
2688.131691	3.054149	2092
2689.166967	2.989018	2093
2690.202515	3.066995	2094
2691.230291	3.063754	2095
2692.272615	3.123854	2096
2693.294741	3.076138	2097
2694.341547	3.123942	2098
2695.359963	2.998647	2099
2696.409967	3.054865	2100
2697.425885	2.889819	2101
2698.476928	2.976167	2102
2699.493055	2.863823	2103
2700.542915	2.935003	2104
2701.560860	2.890119	2105
2702.607820	2.857617	2106
2703.629671	2.869941	2107
2704.671496	2.845052	2108
2705.699467	2.892158	2109
2706.734815	2.957871	2110
2707.770131	2.975010	2111
2708.798222	3.022513	2112
2709.840933	3.018658	2113
2710.862295	3.013903	2114
2711.910049	2.980791	2115
2712.928100	2.992650	2116
2713.977293	2.858516	2117
2714.995818	2.959794	2118
2716.041621	2.734030	2119
2717.065574	2.968737	2120
2718.103625	2.747055	2121
2719.137243	3.031927	2122
2720.165548	2.855931	2123
2721.208863	3.041584	2124
2722.228540	3.010289	2125
2723.279758	3.007934	2126
2724.292573	2.948547	2127
2725.349320	3.032710	2128
2726.357620	2.818615	2129
2727.417518	3.034438	2130
2728.424025	2.777804	2131
2729.484487	2.914386	2132
2730.491089	2.752866	2133
2731.551007	2.818341	2134
2732.558070	2.807429	2135
2733.616855	2.806383	2136
2734.625136	2.821839	2137
2735.683472	2.800008	2138
2736.692199	2.808568	2139
2737.750292	2.807438	2140
2738.758698	2.893420	2141
2739.818155	2.779101	2142
2740.825451	2.921319	2143
2741.885383	2.822125	2144
2742.891918	2.923595	2145
2743.953106	2.843288	2146
2744.958500	2.911601	2147
2746.019650	2.881582	2148
2747.026127	2.856844	2149
2748.085416	2.962929	2150
2749.094866	2.841063	2151
2750.149852	2.987168	2152
2751.164829	2.773207	2153
2752.213006	3.012743	2154
2753.236208	2.807911	2155
2754.275523	2.988865	2156
2755.307663	2.844789	2157
2756.337854	3.025795	2158
2757.378857	2.885092	2159
2758.401526	2.987266	2160
2759.448712	2.896559	2161
2760.466484	2.918018	2162
2761.516465	2.847004	2163
2762.533305	2.925962	2164
2763.582799	2.916057	2165
2764.601628	2.877435	2166
2765.647828	2.938814	2167
2766.670793	2.944341	2168
2767.712247	2.886630	2169
2768.740431	2.932099	2170
2769.776861	2.959490	2171
2770.809899	2.869151	2172
2771.841853	2.879651	2173
2772.878551	2.901099	2174
2773.907680	2.840024	2175
2774.946236	2.880129	2176
2775.974410	2.801864	2177
2777.012871	2.825904	2178
2778.041850	2.811878	2179
2779.078722	2.804518	2180
2780.110082	2.794117	2181
2781.143764	2.779858	2182
2782.178676	2.785410	2183
2783.208258	2.759720	2184
2784.247614	2.727748	2185
2785.272678	2.828228	2186
2786.316913	2.726858	2187
2787.337781	2.832827	2188
2788.385232	2.833689	2189
2789.403056	2.869517	2190
2790.452982	2.778465	2191
2791.470194	2.872366	2192
2792.518793	2.793828	2193
2793.538767	2.880322	2194
2794.583114	2.758263	2195
2795.608678	2.829431	2196
2796.646502	2.722470	2197
2797.679220	2.951729	2198
2798.709239	2.759228	2199
2799.750077	2.997411	2200
2800.773383	2.835974	2201
2801.820454	2.928166	2202
2802.837259	2.751335	2203
2803.889592	2.931093	2204
2804.902558	2.718755	2205
2805.958255	2.914659	2206
2806.967757	2.666407	2207
2808.026176	2.854144	2208
2809.034162	2.634248	2209
2810.093619	2.807945	2210
2811.100558	2.610972	2211
2812.160369	2.797618	2212
2813.167284	2.711677	2213
2814.227409	2.715939	2214
2815.234100	2.685087	2215
2816.294394	2.748972	2216
2817.301177	2.706979	2217
2818.361219	2.701827	2218
2819.368269	2.709340	2219
2820.428013	2.736289	2220
2821.435504	2.634091	2221
2822.494249	2.782076	2222
2823.503214	2.617407	2223
2824.560157	2.814313	2224
2825.572035	2.674188	2225
2826.624917	2.902284	2226
2827.641415	2.616299	2227
2828.689134	2.860735	2228
2829.711586	2.640785	2229
2830.752696	2.859543	2230
2831.782079	2.627754	2231
2832.816273	2.930722	2232
2833.852598	2.688401	2233
2834.879842	2.894612	2234
2835.922623	2.647036	2235
2836.944019	2.805926	2236
2837.991874	2.685410	2237
2839.009096	2.804641	2238
2840.059837	2.747698	2239
2841.075546	2.765944	2240
2842.126537	2.751393	2241
2843.142773	2.817812	2242
2844.192831	2.791533	2243
2845.211274	2.705280	2244
2846.258021	2.717354	2245
2847.280375	2.703551	2246
2848.323419	2.801232	2247
2849.348933	2.781890	2248
2850.389230	2.763242	2249
2851.416965	2.739303	2250
2852.455736	2.766977	2251
2853.484116	2.762380	2252
2854.522289	2.728029	2253
2855.551041	2.688418	2254
2856.589531	2.731900	2255
2857.617155	2.689938	2256
2858.657288	2.726998	2257
2859.682787	2.679223	2258
2860.725344	2.672004	2259
2861.748121	2.742751	2260
2862.793631	2.657139	2261
2863.813746	2.755692	2262
2864.861890	2.680920	2263
2865.879211	2.778863	2264
2866.929558	2.734830	2265
2867.945571	2.834781	2266
2868.996381	2.658170	2267
2870.012781	2.815023	2268
2871.062519	2.629432	2269
2872.080983	2.889664	2270
2873.127406	2.635510	2271
2874.150108	2.874748	2272
2875.191829	2.615221	2273
2876.219924	2.858921	2274
2877.255829	2.687089	2275
2878.290210	2.843077	2276
2879.319687	2.695326	2277
2880.360254	2.792685	2278
2881.383833	2.717948	2279
2882.429213	2.838706	2280
2883.448627	2.713438	2281
2884.498380	2.816885	2282
2885.513878	2.593771	2283
2886.566551	2.811202	2284
2887.579094	2.562704	2285
2888.635209	2.692415	2286
2889.645203	2.498294	2287
2890.702076	2.783733	2288
2891.712026	2.566716	2289
2892.769528	2.682081	2290
2893.778935	2.517349	2291
2894.836305	2.681210	2292
2895.845771	2.454547	2293
2896.902989	2.759012	2294
2897.913166	2.510271	2295
2898.969247	2.637217	2296
2899.980721	2.438235	2297
2901.035386	2.750342	2298
2902.048777	2.481870	2299
2903.100831	2.763940	2300
2904.117659	2.447132	2301
2905.165762	2.791183	2302
2906.186555	2.448079	2303
2907.230364	2.829923	2304
2908.256169	2.531467	2305
2909.294357	2.794761	2306
2910.325834	2.503229	2307
2911.358685	2.826163	2308
2912.395790	2.528430	2309
2913.422522	2.756173	2310
2914.465263	2.534995	2311
2915.487248	2.757954	2312
2916.534227	2.544721	2313
2917.552477	2.742399	2314
2918.602521	2.574267	2315
2919.618283	2.698454	2316
2920.670094	2.536145	2317
2921.684708	2.657574	2318
2922.736835	2.535885	2319
2923.752281	2.635215	2320
2924.803335	2.609048	2321
2925.819752	2.594949	2322
2926.869356	2.549824	2323
2927.887576	2.559166	2324
2928.935542	2.535275	2325
2929.955177	2.587665	2326
2931.001796	2.567497	2327
2932.022885	2.631485	2328
2933.067859	2.682133	2329
2934.090071	2.554901	2330
