crossing time (s)	slope (V/s)	crossing number
7691.511929	1.679531	6869
7692.586866	1.453544	6870
7693.581641	1.847730	6871
7694.651032	1.464231	6872
7695.651413	1.832032	6873
7696.717235	1.521063	6874
7697.716061	1.645500	6875
7698.787433	1.719780	6876
7699.776971	1.696500	6877
7700.859065	1.531153	6878
7701.840752	1.733925	6879
7702.920985	1.485939	6880
7703.918592	1.478924	6881
7704.970413	1.670925	6882
7706.007051	1.329724	6883
7707.027893	1.476373	6884
7708.069569	1.277299	6885
7709.111364	1.245314	6886
7710.111098	1.457595	6887
7711.192267	1.539442	6888
7712.180221	1.073824	6889
7713.239364	1.594190	6890
7714.272843	1.278643	6891
7715.293639	1.453105	6892
7716.330076	1.610406	6893
7717.385658	1.587059	6894
7718.371952	1.355460	6895
7719.455496	1.666909	6896
7720.455629	1.530356	6897
7721.499512	1.615703	6898
7722.541143	1.444435	6899
7723.562579	1.555453	6900
7724.594894	1.489718	6901
7725.648251	1.327703	6902
7726.642656	1.432514	6903
7727.724744	1.337310	6904
7728.707439	1.443319	6905
7729.785805	1.439925	6906
7730.783777	1.155451	6907
7731.842212	1.500756	6908
7732.860555	1.141161	6909
7733.901483	1.474291	6910
7734.933541	1.159418	6911
7735.964606	1.429890	6912
7737.000671	1.191025	6913
7738.031267	1.485306	6914
7739.065977	1.268923	6915
7740.099437	1.545299	6916
7741.127299	1.403720	6917
7742.173173	1.540791	6918
7743.185512	1.448990	6919
7744.249977	1.590168	6920
7745.242391	1.372072	6921
7746.323994	1.329691	6922
7747.306618	1.304241	6923
7748.385960	1.311048	6924
7749.384390	1.319864	6925
7750.436638	1.376283	6926
7751.467551	1.323552	6927
7752.491702	1.438503	6928
7753.533764	1.286666	6929
7754.569009	1.439904	6930
7755.582779	1.145875	6931
7756.654140	1.456699	6932
7757.639461	1.251024	6933
7758.719291	1.492536	6934
7759.718010	1.323482	6935
7760.767784	1.445063	6936
7761.801350	1.372416	6937
7762.825211	1.479818	6938
7763.867955	1.291036	6939
7764.899945	1.448934	6940
7765.921519	1.288145	6941
7766.979631	1.397266	6942
7767.975470	1.237347	6943
7769.054752	1.342420	6944
7770.037900	1.220382	6945
7771.121929	1.361007	6946
7772.106802	1.244501	6947
7773.185140	1.357840	6948
7774.177476	1.328272	6949
7775.248291	1.388880	6950
7776.246711	1.375675	6951
7777.313905	1.322400	6952
7778.313315	1.331637	6953
7779.381951	1.405547	6954
7780.377133	1.307572	6955
7781.452602	1.423019	6956
7782.439130	1.269520	6957
7783.523327	1.316300	6958
7784.502490	1.272697	6959
7785.589035	1.385754	6960
7786.572215	1.157078	6961
7787.647359	1.468011	6962
7788.650875	1.227129	6963
7789.700724	1.439728	6964
7790.733751	1.160841	6965
7791.756134	1.326906	6966
7792.805528	1.272790	6967
7793.826058	1.274382	6968
7794.860067	1.251008	6969
7795.909133	1.255196	6970
7796.908223	1.255360	6971
7797.989270	1.294429	6972
7798.968456	1.223458	6973
7800.051189	1.360026	6974
7801.046032	1.066869	6975
7802.102556	1.397529	6976
7803.129568	1.070788	6977
7804.157336	1.293094	6978
7805.204579	1.120868	6979
7806.220327	1.363820	6980
7807.267474	1.186241	6981
7808.293678	1.251681	6982
7809.326477	1.214886	6983
7810.369280	1.242163	6984
7811.384981	1.175309	6985
7812.442616	1.279527	6986
7813.445349	1.224296	6987
7814.512897	1.227093	6988
7815.509093	1.165926	6989
7816.581192	1.202866	6990
7817.575785	1.191802	6991
7818.646019	1.212101	6992
7819.645535	1.194168	6993
7820.708731	1.179209	6994
7821.717711	1.190674	6995
7822.768870	1.228723	6996
7823.791987	1.181420	6997
7824.827906	1.197762	6998
7825.866168	1.169891	6999
7826.887402	1.271210	7000
7827.935785	1.109151	7001
7828.955448	1.289658	7002
7829.996533	1.069986	7003
7831.031471	1.225539	7004
7832.050403	1.065530	7005
7833.110944	1.222335	7006
7834.103289	1.116436	7007
7835.186174	1.263390	7008
7836.166967	1.131107	7009
7837.250656	1.228975	7010
7838.242121	1.125657	7011
7839.304905	1.177856	7012
7840.322497	1.184326	7013
7841.359230	1.195472	7014
7842.399927	1.083757	7015
7843.419706	1.245426	7016
7844.468718	1.068509	7017
7845.487750	1.244323	7018
7846.530536	1.055899	7019
7847.559289	1.272728	7020
7848.590112	1.042776	7021
7849.632561	1.228291	7022
7850.650188	1.019073	7023
7851.703938	1.292179	7024
7852.713179	1.001266	7025
7853.772887	1.287604	7026
7854.778226	1.011992	7027
7855.839584	1.253376	7028
7856.846231	0.980082	7029
7857.903687	1.252436	7030
7858.916222	0.985054	7031
7859.965567	1.232953	7032
7860.989382	0.998358	7033
7862.025669	1.238529	7034
7863.063420	0.969846	7035
7864.085788	1.228790	7036
7865.136066	1.031693	7037
7866.149313	1.174855	7038
7867.201034	1.078061	7039
7868.220143	1.155975	7040
7869.259164	1.084969	7041
7870.298543	1.077913	7042
7871.311729	1.068909	7043
7872.379240	1.095405	7044
7873.366240	1.028424	7045
7874.453529	1.125801	7046
7875.428264	0.950067	7047
7876.517907	1.201334	7048
7877.500188	0.910255	7049
7878.575973	1.238300	7050
7879.578483	0.932410	7051
7880.630333	1.208730	7052
7881.656320	0.987208	7053
7882.687809	1.184197	7054
7883.732935	0.925665	7055
7884.749223	1.129690	7056
7885.801039	0.984008	7057
7886.815330	1.101831	7058
7887.867321	1.009136	7059
7888.882888	1.083338	7060
7889.931863	1.019587	7061
7890.950586	1.082094	7062
7891.997348	1.033670	7063
7893.017931	1.071657	7064
7894.063780	0.997569	7065
7895.084573	1.081450	7066
7896.130999	1.035128	7067
7897.150120	1.074718	7068
7898.199743	1.051536	7069
7899.214874	1.082226	7070
7900.266942	0.970867	7071
7901.281492	1.074681	7072
7902.332209	0.971768	7073
7903.350731	1.133213	7074
7904.392944	0.946256	7075
7905.424060	1.145661	7076
7906.450288	0.904927	7077
7907.500553	1.148808	7078
7908.505317	0.891545	7079
7909.577900	1.126197	7080
7910.563513	0.927440	7081
7911.651006	1.068790	7082
7912.627325	0.942904	7083
7913.716859	1.045260	7084
7914.698608	0.972204	7085
7915.776147	1.054014	7086
7916.774274	0.932948	7087
7917.831686	1.063450	7088
7918.851559	1.010923	7089
7919.888654	1.043190	7090
7920.926855	0.969238	7091
7921.948072	1.007528	7092
7922.998990	1.016179	7093
7924.012914	1.036209	7094
7925.065707	0.910475	7095
7926.080243	1.039919	7096
7927.131198	0.967257	7097
7928.148564	1.099149	7098
7929.196636	0.941703	7099
7930.215475	1.070659	7100
7931.263115	0.923688	7101
7932.281290	1.040714	7102
7933.330761	0.903183	7103
7934.346830	1.069723	7104
7935.398572	0.888800	7105
7936.412452	1.011601	7106
7937.466015	0.943021	7107
7938.478083	1.011571	7108
7939.532105	0.946684	7109
7940.546843	0.982694	7110
7941.593778	0.955711	7111
7942.619025	1.030528	7112
7943.652264	0.997269	7113
7944.696351	0.968853	7114
7945.707795	0.956338	7115
7946.774341	0.987439	7116
7947.763735	0.934515	7117
7948.850094	0.947382	7118
7949.822619	0.821615	7119
7950.918760	1.032714	7120
7951.888914	0.843223	7121
7952.981999	1.001620	7122
7953.960325	0.788860	7123
7955.040659	1.022608	7124
7956.036655	0.833720	7125
7957.098757	1.091814	7126
7958.112893	0.821871	7127
7959.158735	1.070679	7128
7960.187367	0.846617	7129
7961.218675	1.007076	7130
7962.258590	0.836289	7131
7963.280259	0.973179	7132
7964.328130	0.892719	7133
7965.346401	0.998772	7134
7966.397428	0.842142	7135
7967.411429	0.947506	7136
7968.464208	0.814038	7137
7969.478016	0.972276	7138
