time (s)	energy (uJ)	charge (mC)	voltage (mV)	crossing#mod 255
4749.860107	4.101106	3.490945	1.174784	211
4750.896214	3.815386	3.476805	1.097383	212
4751.928594	3.822350	3.525967	1.084057	213
4752.968457	3.370430	3.524337	0.956330	214
4753.990105	3.237260	3.479151	0.930474	215
4755.028581	2.810188	3.497086	0.803580	216
4756.057594	2.939316	3.504618	0.838698	217
4757.092531	2.741735	3.466402	0.790945	218
4758.122025	2.980956	3.505386	0.850393	219
4759.156685	2.940800	3.498768	0.840524	220
4760.191001	2.964567	3.490099	0.849422	221
4761.221263	3.040307	3.507170	0.866883	222
4762.268139	3.066330	3.506638	0.874436	223
4763.280307	3.246350	3.480362	0.932762	224
4764.341578	3.422013	3.500830	0.977486	225
4765.339024	3.088346	3.499590	0.882488	226
4766.407928	3.621604	3.489703	1.037797	227
4767.423262	2.925682	3.478732	0.841020	228
4768.472298	4.024051	3.464288	1.161581	229
4769.492694	3.001755	3.486606	0.860939	230
4770.531337	3.784663	3.480074	1.087524	231
4771.568973	3.600787	3.494808	1.030325	232
4772.602690	3.819099	3.495890	1.092454	233
4773.610787	3.629106	3.513175	1.032999	234
4774.682895	3.666801	3.526802	1.039696	235
4775.673902	3.267258	3.510265	0.930772	236
4776.737043	3.693195	3.517907	1.049827	237
4777.748394	3.185818	3.503083	0.909433	238
4778.790727	3.597487	3.459675	1.039834	239
4779.826960	3.086203	3.457026	0.892734	240
4780.856167	3.396138	3.501171	0.970000	241
4781.888925	3.303286	3.501594	0.943366	242
4782.934944	3.200789	3.478064	0.920279	243
4783.945379	3.361248	3.516106	0.955958	244
4785.008975	3.543255	3.513229	1.008546	245
4786.006977	3.295530	3.500673	0.941399	246
4787.076682	3.584089	3.450184	1.038811	247
4788.078209	2.939328	3.490835	0.842013	248
4789.138870	3.692904	3.498683	1.055512	249
4790.159612	3.071002	3.512515	0.874303	250
4791.201784	3.777144	3.516352	1.074166	251
4792.219252	2.893382	3.443836	0.840163	252
4793.275582	4.025282	3.510402	1.146673	253
4794.286756	2.982153	3.517783	0.847736	254
4795.331922	3.790179	3.477336	1.089966	255
4796.353838	3.002555	3.495874	0.858886	0
4797.401150	3.861619	3.512068	1.099529	1
4798.418198	3.093830	3.487867	0.887026	2
4799.470302	3.868786	3.487531	1.109319	3
4800.488656	3.356811	3.516140	0.954686	4
4801.540782	3.948210	3.515777	1.122998	5
4802.543569	3.290979	3.490290	0.942895	6
4803.610666	3.769870	3.513074	1.073097	7
4804.612151	3.301290	3.441471	0.959267	8
4805.684002	3.731972	3.513801	1.062090	9
4806.694160	3.616848	3.484266	1.038052	10
4807.742742	3.592990	3.507544	1.024361	11
4808.770339	3.701249	3.517929	1.052110	12
4809.792749	3.645825	3.459514	1.053855	13
4810.829562	3.305984	3.460841	0.955254	14
4811.862369	3.878023	3.498364	1.108525	15
4812.889914	3.083642	3.468079	0.889150	16
4813.939398	3.853241	3.515250	1.096150	17
4814.946618	3.134984	3.473476	0.902550	18
4816.011044	3.756982	3.500869	1.073157	19
4817.012620	3.458030	3.515721	0.983591	20
4818.082101	3.829331	3.520943	1.087587	21
4819.097920	3.763620	3.478239	1.082048	22
4820.139301	3.759573	3.512423	1.070364	23
4821.172497	3.669649	3.517807	1.043164	24
4822.202644	3.919353	3.530826	1.110038	25
4823.239944	3.526713	3.504248	1.006411	26
4824.263325	3.818078	3.507925	1.088415	27
4825.292328	3.174800	3.491861	0.909200	28
4826.335506	4.022230	3.486941	1.153512	29
4827.353447	3.249984	3.503025	0.927765	30
4828.407179	4.068759	3.496620	1.163626	31
4829.425861	3.390308	3.491359	0.971057	32
4830.476023	4.048148	3.463668	1.168746	33
4831.481099	3.300381	3.507544	0.940938	34
4832.544851	4.059321	3.520634	1.153009	35
4833.548086	3.257225	3.515847	0.926441	36
4834.612245	4.033119	3.446913	1.170067	37
4835.615060	3.283179	3.490685	0.940554	38
4836.686620	4.324569	3.513543	1.230829	39
4837.692178	3.355432	3.475922	0.965336	40
4838.752021	4.380489	3.484051	1.257298	41
4839.761153	3.351208	3.493344	0.959312	42
4840.815363	4.432040	3.489918	1.269955	43
4841.832739	3.351599	3.490652	0.960164	44
4842.876729	4.412008	3.520196	1.253342	45
4843.905834	3.508045	3.504554	1.000996	46
4844.938513	4.347528	3.500180	1.242087	47
4845.976851	3.699868	3.508504	1.054543	48
4846.994654	4.001004	3.508727	1.140301	49
4848.032326	3.796708	3.510309	1.081588	50
4849.066584	3.842124	3.472154	1.106554	51
4850.090205	3.882644	3.496065	1.110576	52
4851.143145	3.732677	3.498978	1.066790	53
4852.149074	3.790727	3.494316	1.084827	54
4853.215334	3.918732	3.502921	1.118704	55
4854.214678	3.532549	3.495683	1.010546	56
4855.279574	4.034182	3.462390	1.165144	57
4856.287409	3.340548	3.494674	0.955897	58
4857.338315	4.122122	3.497327	1.178649	59
4858.363813	3.408071	3.513699	0.969938	60
4859.397214	4.150381	3.510044	1.182430	61
4860.435460	3.450826	3.503831	0.984872	62
4861.472468	4.131062	3.512987	1.175940	63
4862.501964	3.592541	3.493636	1.028310	64
4863.534426	3.767987	3.502145	1.075909	65
4864.563109	3.841817	3.508190	1.095100	66
4865.607562	3.583175	3.498119	1.024315	67
4866.624595	3.803655	3.484999	1.091436	68
4867.678229	3.670960	3.445966	1.065292	69
4868.687802	3.700087	3.450267	1.072406	70
4869.747153	3.858013	3.514904	1.097615	71
4870.753024	3.768763	3.495708	1.078112	72
4871.815311	3.957628	3.517232	1.125211	73
4872.819216	3.790698	3.513330	1.078947	74
4873.891046	4.078059	3.477633	1.172654	75
4874.896012	3.921929	3.518291	1.114726	76
4875.956515	4.144451	3.526013	1.175393	77
4876.965178	3.909253	3.476559	1.124461	78
4878.020445	4.062003	3.480187	1.167180	79
4879.035146	4.045374	3.502830	1.154888	80
4880.084204	4.029898	3.489804	1.154763	81
4881.106720	3.997770	3.502962	1.141254	82
4882.145558	4.135617	3.515406	1.176426	83
4883.177757	4.048303	3.498181	1.157259	84
4884.208427	4.244118	3.517746	1.206488	85
4885.248317	3.852590	3.519492	1.094644	86
4886.267149	4.078250	3.453490	1.180907	87
4887.304300	3.459834	3.507238	0.986484	88
4888.338646	4.229281	3.513999	1.203552	89
4889.373422	3.547163	3.491637	1.015903	90
4890.412123	4.339765	3.511547	1.235856	91
4891.423136	3.454728	3.456256	0.999558	92
4892.494666	4.522491	3.508856	1.288879	93
4893.496098	3.761111	3.491230	1.077303	94
4894.562565	4.293274	3.492091	1.229428	95
4895.565584	3.947782	3.500213	1.127869	96
4896.625945	4.098359	3.508229	1.168213	97
4897.638150	4.106944	3.515940	1.168093	98
4898.677003	3.817444	3.494213	1.092505	99
4899.710750	4.143131	3.498265	1.184339	100
4900.746505	4.228937	3.497051	1.209286	101
4901.781742	4.095446	3.509760	1.166873	102
4902.811392	4.357594	3.510009	1.241477	103
4903.850789	3.969406	3.518817	1.128051	104
4904.878607	4.395305	3.470135	1.266610	105
4905.917705	3.838727	3.503710	1.095618	106
4906.946840	4.459155	3.499534	1.274214	107
4907.984140	3.785309	3.520058	1.075354	108
4909.014777	4.475116	3.463433	1.292104	109
4910.050585	3.715920	3.508944	1.058985	110
4911.082279	4.459241	3.483136	1.280238	111
4912.108615	3.513598	3.488262	1.007263	112
4913.148173	4.437947	3.450100	1.286324	113
4914.185523	3.685384	3.503054	1.052049	114
4915.213587	4.540247	3.517977	1.290585	115
4916.252975	3.799493	3.511194	1.082109	116
4917.279530	4.442891	3.516999	1.263262	117
4918.310575	3.716479	3.512353	1.058117	118
4919.337678	4.069118	3.505478	1.160789	119
4920.376747	3.813401	3.497175	1.090424	120
4921.407033	3.995565	3.494035	1.143539	121
4922.438978	3.887281	3.485437	1.115292	122
4923.478753	3.913862	3.467106	1.128856	123
4924.499500	3.910393	3.486780	1.121491	124
4925.551851	3.999385	3.500282	1.142589	125
4926.569706	4.112378	3.495653	1.176426	126
4927.633185	4.369531	3.498187	1.249085	127
4928.624308	3.894934	3.515621	1.107894	128
4929.699884	4.698664	3.494101	1.344742	129
4930.701091	3.912201	3.529795	1.108337	130
4931.762944	4.743507	3.477100	1.364213	131
4932.773152	3.725428	3.482903	1.069633	132
4933.823237	4.841650	3.490042	1.387276	133
4934.846269	3.767711	3.500920	1.076206	134
4935.884550	4.819051	3.494290	1.379122	135
4936.918773	3.829698	3.492753	1.096470	136
4937.938750	4.463962	3.479087	1.283084	137
4938.978691	3.794871	3.446354	1.101126	138
4940.014805	4.595314	3.518343	1.306102	139
4941.054673	4.193490	3.489862	1.201621	140
4942.073130	4.369977	3.487141	1.253169	141
4943.110571	4.089328	3.444839	1.187088	142
4944.141889	4.320952	3.507216	1.232018	143
4945.175238	4.277517	3.499332	1.222381	144
4946.209024	4.395794	3.513001	1.251293	145
4947.240324	4.258393	3.469047	1.227540	146
4948.277112	4.387810	3.506958	1.251173	147
4949.306393	4.266117	3.496100	1.220250	148
4950.344132	4.345797	3.506047	1.239514	149
4951.374454	4.230836	3.505550	1.206896	150
4952.410821	4.261297	3.505577	1.215577	151
4953.451858	4.336905	3.503646	1.237826	152
4954.485832	4.399384	3.526901	1.247379	153
4955.521337	4.289411	3.503863	1.224195	154
4956.550959	4.421460	3.481089	1.270137	155
4957.590319	4.093121	3.486311	1.174055	156
4958.617899	4.513444	3.518279	1.282856	157
4959.649138	3.828163	3.495471	1.095178	158
4960.676174	4.391289	3.501813	1.254005	159
4961.713997	3.744525	3.496217	1.071022	160
4962.745271	4.583455	3.486690	1.314558	161
4963.776114	3.655376	3.498888	1.044725	162
4964.817135	4.705633	3.476350	1.353613	163
4965.836399	3.679925	3.490462	1.054281	164
4966.898352	5.043287	3.484684	1.447273	165
4967.898065	3.725544	3.436930	1.083974	166
4968.960868	4.782889	3.495005	1.368493	167
4969.962996	3.892487	3.504149	1.110822	168
4971.030556	4.651347	3.507964	1.325939	169
4972.031099	3.953803	3.459949	1.142734	170
4973.097463	4.279592	3.445791	1.241977	171
4974.100801	4.085231	3.446083	1.185471	172
4975.160105	4.164581	3.491084	1.192919	173
4976.170762	4.199406	3.485350	1.204874	174
4977.220827	4.141117	3.458130	1.197502	175
4978.242358	4.327978	3.499311	1.236809	176
4979.282544	4.388313	3.491877	1.256720	177
4980.312418	4.510933	3.513633	1.283837	178
4981.346240	4.599136	3.518911	1.306977	179
4982.382632	4.377968	3.508359	1.247868	180
4983.411884	4.611165	3.494100	1.319700	181
4984.459562	4.569815	3.515859	1.299772	182
4985.488222	4.755183	3.523062	1.349730	183
4986.528014	4.433050	3.495908	1.268068	184
4987.554092	4.723516	3.479832	1.357398	185
4988.594303	4.333493	3.500202	1.238070	186
4989.622547	4.586465	3.510755	1.306404	187
4990.660902	4.352685	3.482325	1.249936	188
4991.689457	4.543977	3.511431	1.294053	189
4992.717710	4.183981	3.463921	1.207875	190
4993.758021	4.409027	3.505558	1.257725	191
4994.783701	4.164453	3.509022	1.186785	192
4995.827253	4.365774	3.498931	1.247745	193
4996.847161	4.122544	3.509833	1.174570	194
4997.889627	4.242233	3.509017	1.208952	195
4998.909970	4.238802	3.507072	1.208644	196
4999.961570	4.168648	3.433285	1.214186	197
5000.973427	4.199627	3.510471	1.196314	198
5002.041563	4.557002	3.484792	1.307683	199
5003.036578	4.109418	3.506266	1.172021	200
5004.101778	4.369736	3.316274	1.317664	201
5005.101592	3.881432	3.399189	1.141870	202
5006.167708	4.760540	3.460109	1.375835	203
5007.170742	3.804317	3.467546	1.097121	204
5008.239402	5.215268	3.464965	1.505143	205
5009.249072	3.934797	3.468861	1.134320	206
5010.302243	5.199013	3.484026	1.492243	207
5011.321058	3.870991	3.441413	1.124826	208
5012.364534	5.107457	3.438656	1.485306	209
5013.392231	3.972618	3.477209	1.142473	210
5014.427933	5.040937	3.472690	1.451595	211
5015.455405	3.882620	3.488488	1.112981	212
5016.484157	4.742786	3.483087	1.361662	213
5017.533133	4.148673	3.489325	1.188961	214
5018.549573	4.750310	3.471914	1.368211	215
5019.592409	4.110515	3.473985	1.183228	216
5020.616101	4.730115	3.493168	1.354105	217
5021.667463	4.385166	3.478002	1.260829	218
5022.691645	4.983929	3.486468	1.429507	219
5023.735102	4.459689	3.488289	1.278475	220
5024.760022	4.854099	3.471756	1.398168	221
5025.792214	4.344022	3.479759	1.248369	222
5026.817982	4.627607	3.459028	1.337835	223
5027.858987	4.232738	3.444234	1.228935	224
5028.885275	4.490710	3.437483	1.306395	225
5029.935322	4.316588	3.492730	1.235878	226
5030.952259	4.552772	3.481773	1.307602	227
5031.994437	4.056009	3.506618	1.156673	228
5033.019368	4.566831	3.428561	1.331997	229
5034.070306	4.140850	3.510226	1.179653	230
5035.094291	4.898249	3.491632	1.402854	231
5036.135181	3.984499	3.439066	1.158599	232
5037.163299	5.089180	3.505046	1.451958	233
5038.199060	4.017856	3.493546	1.150080	234
5039.232262	5.100189	3.457133	1.475265	235
5040.260407	4.167292	3.490684	1.193832	236
5041.302796	5.229780	3.476294	1.504412	237
5042.322699	4.154704	3.493319	1.189329	238
5043.365512	5.230637	3.508739	1.490746	239
5044.386629	4.119869	3.491364	1.180017	240
5045.436628	5.111002	3.454051	1.479713	241
5046.442300	3.937490	3.459968	1.138013	242
5047.507715	4.973080	3.508221	1.417550	243
5048.507891	3.994438	3.506671	1.139097	244
5049.575096	4.837971	3.492535	1.385232	245
5050.575714	4.069995	3.440570	1.182942	246
5051.642755	4.470080	3.462636	1.290947	247
5052.644688	4.377298	3.506844	1.248216	248
5053.706568	4.373456	3.484181	1.255232	249
5054.714130	4.476457	3.497407	1.279936	250
5055.768659	4.457759	3.507799	1.270814	251
5056.783399	4.602040	3.495381	1.316606	252
5057.831443	4.551405	3.483090	1.306715	253
5058.853272	4.542719	3.444644	1.318778	254
5059.903258	4.945907	3.506596	1.410458	255
