crossing time (s)	slope (V/s)	crossing number
6594.936459	2.367372	5831
6595.983532	2.630948	5832
6597.004509	2.343788	5833
6598.051518	2.669955	5834
6599.072264	2.374603	5835
6600.119601	2.669143	5836
6601.140508	2.342842	5837
6602.187927	2.720831	5838
6603.207747	2.381445	5839
6604.256262	2.722313	5840
6605.275745	2.459706	5841
6606.324187	2.793377	5842
6607.343844	2.500434	5843
6608.392885	2.783944	5844
6609.411412	2.494215	5845
6610.461288	2.766728	5846
6611.478854	2.512402	5847
6612.529602	2.765673	5848
6613.546471	2.555023	5849
6614.598104	2.716230	5850
6615.614050	2.581135	5851
6616.666303	2.781853	5852
6617.681685	2.657522	5853
6618.734829	2.745645	5854
6619.749435	2.696153	5855
6620.803004	2.798872	5856
6621.817296	2.700838	5857
6622.871070	2.824465	5858
6623.885435	2.769159	5859
6624.939322	2.793570	5860
6625.953445	2.827950	5861
6627.007450	2.814825	5862
6628.021731	2.946212	5863
6629.075460	2.853061	5864
6630.089341	2.817592	5865
6631.143698	2.871876	5866
6632.157377	2.881359	5867
6633.211703	2.845272	5868
6634.225497	2.910932	5869
6635.279739	2.920916	5870
6636.293702	2.898598	5871
6637.347486	2.914208	5872
6638.361812	2.859972	5873
6639.415708	2.903177	5874
6640.429709	2.891509	5875
6641.483707	2.845552	5876
6642.497688	2.878273	5877
6643.551686	2.869395	5878
6644.565966	2.822209	5879
6645.619715	2.804476	5880
6646.634215	2.781310	5881
6647.687423	2.805654	5882
6648.701554	3.158245	5883
6649.755929	2.859294	5884
6650.770406	2.745036	5885
6651.823046	2.791785	5886
6652.838878	2.637646	5887
6653.890709	2.772291	5888
6654.907017	2.651412	5889
6655.958436	2.774650	5890
6656.975173	2.591385	5891
6658.026330	2.764663	5892
6659.043726	2.544952	5893
6660.093801	2.766445	5894
6661.112240	2.610027	5895
6662.161445	2.755031	5896
6663.180944	2.523932	5897
6664.229019	2.827318	5898
6665.249322	2.527741	5899
6666.296770	2.775102	5900
6667.317709	2.463241	5901
6668.364759	2.773993	5902
6669.385637	2.440408	5903
6670.432505	2.833641	5904
6671.453722	2.450731	5905
6672.500701	2.837459	5906
6673.521803	2.477186	5907
6674.568338	2.870749	5908
6675.589815	2.513164	5909
6676.636566	2.853330	5910
6677.658005	2.524175	5911
6678.704654	2.909135	5912
6679.725654	2.500218	5913
6680.772931	2.860839	5914
6681.793664	2.526670	5915
6682.841149	2.785354	5916
6683.861119	2.582584	5917
6684.909657	2.812101	5918
6685.929198	2.586186	5919
6686.978036	2.857408	5920
6687.996867	2.548190	5921
6689.046270	2.766356	5922
6690.064348	2.600700	5923
6691.114622	2.779560	5924
6692.132186	2.569382	5925
6693.182775	2.793719	5926
6694.200041	2.718524	5927
6695.250884	2.801271	5928
6696.267756	2.738730	5929
6697.319238	2.851662	5930
6698.335612	2.780917	5931
6699.387345	2.894266	5932
6700.403732	2.826354	5933
6701.455497	2.947415	5934
6702.471624	2.799158	5935
6703.523676	2.897043	5936
6704.539723	2.889603	5937
6705.591758	2.914903	5938
6706.607709	2.858962	5939
6707.659694	2.962960	5940
6708.675883	2.844619	5941
6709.727800	2.874259	5942
6710.743870	2.891578	5943
6711.795661	2.933919	5944
6712.811939	2.832330	5945
6713.863674	2.860606	5946
6714.879899	2.837196	5947
6715.931656	2.848288	5948
6716.947884	2.860502	5949
6717.999686	2.844864	5950
6719.016032	2.863482	5951
6720.067495	2.863674	5952
6721.084004	2.811799	5953
6722.135483	2.842535	5954
6723.152138	2.778355	5955
6724.203290	2.855094	5956
6725.220377	2.751898	5957
6726.271202	2.885898	5958
6727.288933	2.785346	5959
6728.338907	2.813589	5960
6729.357088	2.705367	5961
6730.406650	2.838015	5962
6731.425304	2.685648	5963
6732.474461	2.823278	5964
6733.493709	2.616066	5965
6734.542264	2.848447	5966
6735.562153	2.585353	5967
6736.609912	2.892863	5968
6737.630352	2.592013	5969
6738.677627	2.881913	5970
6739.698855	2.546471	5971
6740.745398	2.891931	5972
6741.767181	2.563612	5973
6742.813073	2.907995	5974
6743.835594	2.552617	5975
6744.880844	2.923610	5976
6745.903823	2.511691	5977
6746.948805	2.869035	5978
6747.971782	2.511757	5979
6749.016698	2.902077	5980
6750.039791	2.503519	5981
6751.084758	2.905252	5982
6752.107847	2.500505	5983
6753.152874	2.891677	5984
6754.175816	2.513857	5985
6755.220949	2.874050	5986
6756.243631	2.542487	5987
6757.289223	2.891704	5988
6758.311128	2.496467	5989
6759.357646	2.857420	5990
6760.378778	2.534930	5991
6761.426201	2.790966	5992
6762.446287	2.585516	5993
6763.494309	2.830805	5994
6764.514505	2.622981	5995
6765.562270	2.924241	5996
6766.582125	2.610303	5997
6767.631356	2.838301	5998
6768.649830	2.640428	5999
6769.699252	2.904357	6000
6770.717604	2.653544	6001
6771.766941	2.920319	6002
6772.785510	2.755801	6003
6773.835007	2.921223	6004
6774.853458	2.792183	6005
6775.903326	2.914487	6006
6776.921449	2.815869	6007
6777.971307	2.935858	6008
6778.989502	2.873770	6009
6780.039613	2.941215	6010
6781.057389	2.864321	6011
6782.107841	2.997899	6012
6783.123879	2.915751	6013
6784.176955	2.900306	6014
6785.192976	2.876858	6015
6786.244029	2.922542	6016
6787.260267	2.837874	6017
6788.312789	2.949674	6018
6789.328987	2.884570	6019
6790.380182	2.934493	6020
6791.397063	2.748325	6021
6792.447980	2.904487	6022
6793.465186	2.895059	6023
6794.515893	2.860566	6024
6795.533299	2.823075	6025
6796.583794	2.911000	6026
6797.601485	2.768700	6027
6798.651700	2.892916	6028
6799.669656	2.807644	6029
6800.719592	2.880060	6030
6801.737807	2.753010	6031
6802.787330	2.914669	6032
6803.806246	2.721305	6033
6804.855213	2.908010	6034
6805.874506	2.691795	6035
6806.923010	2.921525	6036
6807.943205	2.629552	6037
6808.990359	2.907722	6038
6810.011451	2.648339	6039
6811.058215	2.867698	6040
6812.079749	2.613102	6041
6813.125892	2.921064	6042
6814.147947	2.598030	6043
6815.193569	2.903374	6044
6816.216279	2.595557	6045
6817.261268	2.886701	6046
6818.284494	2.547514	6047
6819.329156	2.898868	6048
6820.352356	2.622898	6049
6821.397283	2.889503	6050
6822.420382	2.570383	6051
6823.465172	2.913579	6052
6824.488595	2.527151	6053
6825.533166	2.902627	6054
6826.556528	2.579509	6055
6827.601263	2.921241	6056
6828.624948	2.546127	6057
6829.669011	2.979534	6058
6830.692729	2.586317	6059
6831.737221	3.006196	6060
6832.760436	2.599044	6061
6833.805350	2.917756	6062
6834.828564	2.601507	6063
6835.873872	2.926641	6064
6836.896238	2.642180	6065
6837.941476	2.978379	6066
6838.963630	2.515562	6067
6840.009616	2.933382	6068
6841.031816	2.587789	6069
6842.078074	2.883538	6070
6843.099361	2.646243	6071
6844.145965	2.900524	6072
6845.167474	2.703569	6073
6846.214377	2.959709	6074
6847.234976	2.738404	6075
6848.282746	2.933603	6076
6849.302800	2.728630	6077
6850.350375	2.906507	6078
6851.370786	2.763141	6079
6852.418649	2.984692	6080
6853.438481	2.853990	6081
6854.486738	2.985495	6082
6855.506520	2.847724	6083
6856.555068	3.008829	6084
6857.574580	2.826630	6085
6858.623152	2.989079	6086
6859.642582	2.850544	6087
6860.691212	2.988863	6088
6861.710409	2.877835	6089
6862.759125	2.870854	6090
6863.778432	2.877660	6091
6864.827289	3.012793	6092
6865.846296	2.830584	6093
6866.895078	2.975774	6094
6867.914636	2.854244	6095
6868.963100	2.972113	6096
6869.982745	2.814858	6097
6871.030910	3.011209	6098
6872.050829	2.805972	6099
6873.098978	2.956927	6100
6874.118964	2.801074	6101
6875.166799	2.995738	6102
6876.186998	2.788178	6103
6877.234636	2.958076	6104
6878.255285	2.756505	6105
6879.302384	2.874154	6106
6880.323479	2.739142	6107
6881.369984	2.934873	6108
6882.392024	2.740128	6109
6883.437756	2.869555	6110
6884.460213	2.661522	6111
6885.505836	2.977687	6112
6886.528701	2.644710	6113
6887.573565	2.889737	6114
6888.596448	2.643086	6115
6889.641396	2.942998	6116
6890.665149	2.622655	6117
6891.709080	2.956342	6118
6892.733454	2.620821	6119
6893.776937	2.969548	6120
6894.801654	2.599670	6121
6895.844792	2.984840	6122
6896.870262	2.554305	6123
6897.912582	3.013115	6124
