time (s)	energy (uJ)	charge (mC)	voltage (mV)	crossing#mod 255
7319.513480	5.159953	1.848110	2.792017	132
7320.566127	4.184593	1.896214	2.206814	133
7321.577852	5.215318	1.860157	2.803698	134
7322.628487	4.203946	1.892140	2.221794	135
7323.636087	5.233303	1.830500	2.858947	136
7324.696135	3.838356	1.804273	2.127370	137
7325.703882	5.240903	1.899446	2.759174	138
7326.760808	4.043941	1.883530	2.147002	139
7327.768440	5.032369	1.824632	2.758018	140
7328.827037	4.147735	1.871926	2.215757	141
7329.841927	5.278009	1.883907	2.801629	142
7330.905360	4.100372	1.885978	2.174136	143
7331.902812	5.478630	1.889085	2.900150	144
7332.964846	4.132865	1.883247	2.194543	145
7333.971058	5.444806	1.875653	2.902886	146
7335.030355	4.236988	1.874765	2.260010	147
7336.035833	5.519723	1.887053	2.925049	148
7337.103955	4.322730	1.862956	2.320360	149
7338.109786	5.512046	1.892431	2.912681	150
7339.173263	4.468999	1.893859	2.359732	151
7340.176729	5.531511	1.893929	2.920655	152
7341.240653	4.531805	1.883228	2.406403	153
7342.245210	5.428707	1.877901	2.890838	154
7343.305560	4.582242	1.876101	2.442429	155
7344.310710	5.223774	1.825338	2.861812	156
7345.371493	4.531216	1.827167	2.479913	157
7346.377572	5.144936	1.825702	2.818059	158
7347.439476	4.683253	1.892283	2.474922	159
7348.437334	5.338881	1.833503	2.911849	160
7349.499435	4.812514	1.890463	2.545680	161
7350.505690	5.419113	1.893214	2.862389	162
7351.565653	4.736109	1.882955	2.515254	163
7352.572916	5.382930	1.893766	2.842448	164
7353.631745	4.722025	1.884101	2.506249	165
7354.639015	5.391496	1.885767	2.859047	166
7355.701633	4.708022	1.891604	2.488904	167
7356.706183	5.377725	1.883654	2.854943	168
7357.768301	4.595574	1.886119	2.436525	169
7358.774733	5.411301	1.890228	2.862776	170
7359.834818	4.535211	1.887403	2.402884	171
7360.849211	5.372583	1.892914	2.838262	172
7361.901335	4.538871	1.890482	2.400906	173
7362.908159	5.563325	1.885015	2.951344	174
7363.969347	4.593340	1.898311	2.419699	175
7364.974830	5.624654	1.891623	2.973454	176
7366.044521	4.394813	1.885615	2.330705	177
7367.051118	5.581809	1.880242	2.968666	178
7368.110961	4.439979	1.897218	2.340258	179
7369.118036	5.637021	1.895693	2.973595	180
7370.168277	4.302743	1.796304	2.395331	181
7371.177914	5.769564	1.880351	3.068344	182
7372.235641	4.482228	1.867691	2.399877	183
7373.246109	5.890601	1.884012	3.126627	184
7374.303162	4.471716	1.884768	2.372556	185
7375.314095	5.905317	1.889748	3.124924	186
7376.370880	4.445986	1.886533	2.356696	187
7377.380728	5.863487	1.886169	3.108676	188
7378.435528	4.510641	1.862076	2.422373	189
7379.448010	5.765295	1.820142	3.167498	190
7380.501690	4.729007	1.895168	2.495298	191
7381.515406	6.005105	1.893446	3.171522	192
7382.570378	4.649212	1.893062	2.455922	193
7383.584039	5.816956	1.861604	3.124701	194
7384.636702	4.543350	1.888394	2.405934	195
7385.650315	5.866133	1.877173	3.124983	196
7386.702617	4.597710	1.890804	2.431616	197
7387.717773	5.638859	1.819135	3.099747	198
7388.771426	4.574000	1.855967	2.464484	199
7389.782829	5.802611	1.888641	3.072373	200
7390.846840	4.472211	1.870667	2.390704	201
7391.858526	5.787433	1.897846	3.049474	202
7392.914258	4.502698	1.878305	2.397214	203
7393.924997	5.717380	1.883934	3.034809	204
7394.972985	4.516055	1.828777	2.469440	205
7395.982877	5.756825	1.853095	3.106600	206
7397.048563	4.601244	1.881023	2.446139	207
7398.049476	5.694808	1.818076	3.132327	208
7399.107738	4.739032	1.896959	2.498226	209
7400.123264	5.770366	1.885514	3.060367	210
7401.183629	4.640172	1.877184	2.471879	211
7402.183952	5.923626	1.891174	3.132248	212
7403.242354	4.747910	1.874266	2.533211	213
7404.249560	5.867804	1.881251	3.119097	214
7405.310479	4.855034	1.886094	2.574121	215
7406.314981	5.877255	1.897303	3.097690	216
7407.385975	4.810093	1.895075	2.538207	217
7408.390993	5.717270	1.880466	3.040348	218
7409.445493	4.928735	1.873416	2.630882	219
7410.448688	5.625060	1.839582	3.057793	220
7411.511260	4.964306	1.881883	2.637947	221
7412.516785	5.894470	1.880107	3.135178	222
7413.578838	4.905488	1.823809	2.689695	223
7414.583563	5.876400	1.888825	3.111140	224
7415.644737	5.031551	1.881207	2.674640	225
7416.650648	5.866260	1.892433	3.099851	226
7417.711628	5.006750	1.848600	2.708400	227
7418.717897	5.803222	1.874263	3.096269	228
7419.787089	5.023236	1.890143	2.657596	229
7420.784886	5.664810	1.831368	3.093212	230
7421.853587	4.934216	1.870522	2.637882	231
7422.859110	5.714861	1.888556	3.026049	232
7423.921044	4.923759	1.855474	2.653640	233
7424.927089	5.611855	1.861028	3.015460	234
7425.980466	5.103298	1.881137	2.712879	235
7426.985924	5.659914	1.817381	3.114325	236
7428.046900	5.050124	1.860725	2.714063	237
7429.053388	5.726584	1.824074	3.139447	238
7430.113952	4.962358	1.831455	2.709517	239
7431.120435	5.755954	1.838935	3.130049	240
7432.189795	4.950715	1.874054	2.641714	241
7433.195374	5.612184	1.824793	3.075519	242
7434.257280	4.990503	1.895710	2.632525	243
7435.262328	5.628965	1.822784	3.088115	244
7436.323697	4.958316	1.886186	2.628752	245
7437.322013	5.861176	1.826127	3.209622	246
7438.382840	5.053568	1.885553	2.680152	247
7439.388637	5.933666	1.854290	3.199967	248
7440.449531	4.890926	1.827446	2.676373	249
7441.455906	6.028307	1.844810	3.267712	250
7442.524537	4.922377	1.872298	2.629056	251
7443.531149	5.857378	1.857260	3.153774	252
7444.590960	4.880866	1.833298	2.662341	253
7445.598580	5.925889	1.870359	3.168316	254
7446.649880	5.044069	1.882256	2.679800	255
7447.658263	6.084331	1.883369	3.230557	0
7448.716762	5.074269	1.881696	2.696647	1
7449.725322	6.044106	1.863874	3.242766	2
7450.784246	5.086242	1.883070	2.701036	3
7451.800379	5.982354	1.879265	3.183347	4
7452.858710	5.084186	1.898127	2.678528	5
7453.867449	5.986047	1.866334	3.207382	6
7454.925677	5.067842	1.906446	2.658266	7
7455.934346	5.975204	1.873868	3.188701	8
7456.984623	5.073112	1.892387	2.680800	9
7458.002311	6.080898	1.888740	3.219553	10
7459.051328	5.208418	1.888290	2.758273	11
7460.060232	6.213139	1.895211	3.278336	12
7461.118464	5.129955	1.882053	2.725724	13
7462.127306	6.248545	1.903998	3.281803	14
7463.185119	5.118655	1.881957	2.719858	15
7464.194479	6.235593	1.892377	3.295112	16
7465.253978	5.144900	1.880502	2.735919	17
7466.260711	6.251661	1.892191	3.303927	18
7467.320004	5.145284	1.874062	2.745525	19
7468.335441	6.110124	1.892809	3.228072	20
7469.387898	5.217895	1.894894	2.753660	21
7470.394506	6.133309	1.866356	3.286248	22
7471.454922	5.274028	1.901439	2.773703	23
7472.468276	6.132835	1.893775	3.238418	24
7473.522534	5.166007	1.839942	2.807702	25
7474.526982	6.258832	1.899044	3.295780	26
7475.598242	5.105581	1.866551	2.735302	27
7476.594655	6.226646	1.879789	3.312418	28
7477.665178	5.200081	1.875111	2.773213	29
7478.668677	6.082334	1.890329	3.217606	30
7479.732607	5.288525	1.893088	2.793598	31
7480.735641	6.076197	1.893937	3.208235	32
7481.799546	5.319798	1.898369	2.802299	33
7482.802547	6.073889	1.891784	3.210668	34
7483.866455	5.387114	1.902560	2.831509	35
7484.869506	6.071003	1.898729	3.197404	36
7485.933399	5.375211	1.901094	2.827430	37
7486.936402	6.027849	1.886489	3.195274	38
7488.000340	5.293107	1.865510	2.837350	39
7489.003349	5.981589	1.880140	3.181460	40
7490.067319	5.316461	1.858952	2.859925	41
7491.070844	5.979966	1.865322	3.205862	42
7492.126533	5.347661	1.828774	2.924178	43
7493.130279	6.212518	1.874973	3.313391	44
7494.192724	5.292007	1.800264	2.939572	45
7495.196248	6.100643	1.863689	3.273424	46
7496.259957	5.381302	1.813485	2.967382	47
7497.271588	6.095059	1.897191	3.212676	48
7498.327629	5.446434	1.886533	2.887007	49
7499.330997	6.202122	1.888721	3.283768	50
7500.402484	5.469539	1.901270	2.876781	51
7501.397809	6.225797	1.884608	3.303498	52
7502.468924	5.474626	1.888023	2.899662	53
7503.464965	6.302604	1.899068	3.318788	54
7504.536473	5.466531	1.896655	2.882196	55
7505.540486	6.162680	1.894484	3.252960	56
7506.596731	5.657001	1.902759	2.973051	57
7507.606875	6.190174	1.898072	3.261296	58
7508.662428	5.544050	1.881961	2.945890	59
7509.673391	6.197006	1.899422	3.262575	60
7510.729911	5.561156	1.896143	2.932878	61
7511.732973	6.344635	1.894544	3.348899	62
7512.795677	5.503051	1.887266	2.915885	63
7513.800426	6.344765	1.884566	3.366698	64
7514.863359	5.529570	1.885829	2.932170	65
7515.867814	6.315330	1.881479	3.356578	66
7516.929897	5.517005	1.873673	2.944487	67
7517.935095	6.374279	1.885331	3.380987	68
7518.997220	5.552781	1.881344	2.951498	69
7520.002788	6.371521	1.888901	3.373137	70
7521.063696	5.561302	1.903427	2.921731	71
7522.070541	6.490607	1.905480	3.406285	72
7523.138417	5.450698	1.902529	2.864976	73
7524.144456	6.307221	1.903523	3.313446	74
7525.205328	5.440364	1.895500	2.870147	75
7526.211946	6.369399	1.901511	3.349651	76
7527.272301	5.485993	1.892857	2.898261	77
7528.271386	6.373881	1.859852	3.427090	78
7529.331043	5.571360	1.897053	2.936850	79
7530.338575	6.431756	1.879537	3.421989	80
7531.398017	5.590127	1.903015	2.937511	81
7532.406306	6.401338	1.864820	3.432684	82
7533.465576	5.551539	1.883399	2.947617	83
7534.472379	6.513474	1.892509	3.441713	84
7535.532116	5.592251	1.899402	2.944217	85
7536.539975	6.454478	1.876355	3.439903	86
7537.606877	5.487323	1.896102	2.894002	87
7538.606378	6.574447	1.906582	3.448289	88
7539.665991	5.606664	1.892502	2.962567	89
7540.672690	6.547857	1.896084	3.453359	90
7541.733512	5.660831	1.901328	2.977305	91
7542.739356	6.482000	1.892107	3.425811	92
7543.800852	5.652801	1.894759	2.983387	93
7544.806236	6.499902	1.883519	3.450935	94
7545.868029	5.413631	1.805591	2.998260	95
7546.873176	6.578424	1.906676	3.450205	96
7547.935191	5.554412	1.845978	3.008926	97
7548.939804	6.566257	1.900520	3.454980	98
7550.010782	5.600950	1.873403	2.989720	99
7551.006830	6.460037	1.873152	3.448751	100
7552.077714	5.594711	1.881888	2.972925	101
7553.081230	6.360360	1.906501	3.336142	102
7554.144649	5.507596	1.844131	2.986555	103
7555.148672	6.263719	1.862416	3.363222	104
7556.204350	5.737940	1.865769	3.075376	105
7557.207556	6.321218	1.878300	3.365394	106
7558.270762	5.796503	1.876159	3.089559	107
7559.273965	6.500259	1.891671	3.436252	108
7560.338473	5.841670	1.890763	3.089583	109
7561.341244	6.390859	1.869380	3.418705	110
7562.412877	5.717947	1.884726	3.033835	111
7563.408225	6.439694	1.877480	3.429966	112
7564.479372	5.705522	1.871210	3.049109	113
7565.483409	6.314750	1.879903	3.359084	114
7566.538843	5.669407	1.824615	3.107180	115
7567.543000	6.479406	1.881254	3.444196	116
7568.605643	5.850017	1.876919	3.116819	117
7569.609875	6.320265	1.835387	3.443559	118
7570.672267	5.808691	1.865220	3.114212	119
7571.684699	6.272987	1.867673	3.358718	120
7572.747594	5.843031	1.901056	3.073572	121
7573.743258	6.310255	1.845926	3.418477	122
7574.806559	5.922069	1.888696	3.135533	123
7575.810469	6.516633	1.900630	3.428670	124
7576.873749	5.873812	1.885901	3.114592	125
7577.877593	6.548100	1.900462	3.445531	126
7578.941145	5.883914	1.884433	3.122379	127
7579.952486	6.402856	1.903682	3.363405	128
7581.015917	5.809657	1.891470	3.071503	129
7582.019932	6.431383	1.897505	3.389388	130
7583.074769	5.891931	1.878017	3.137314	131
7584.079545	6.585752	1.895667	3.474108	132
7585.141932	5.932688	1.895127	3.130496	133
7586.145763	6.530189	1.887770	3.459208	134
7587.209540	5.951585	1.893064	3.143891	135
7588.212966	6.584586	1.898045	3.469141	136
7589.283715	5.729048	1.873466	3.057994	137
7590.288204	6.426982	1.892741	3.395596	138
7591.343720	5.882335	1.876760	3.134304	139
7592.347559	6.547486	1.880733	3.481348	140
7593.409832	5.724653	1.827302	3.132844	141
7594.415193	6.643088	1.898138	3.499793	142
7595.477120	5.747705	1.830240	3.140411	143
7596.489598	6.290321	1.850440	3.399366	144
7597.551496	5.785983	1.892875	3.056717	145
7598.548862	6.372006	1.832140	3.477903	146
7599.618292	5.793833	1.891603	3.062922	147
7600.615691	6.361436	1.824921	3.485869	148
7601.685312	5.809740	1.899363	3.058784	149
7602.682566	6.429330	1.840073	3.494062	150
7603.751763	5.687778	1.841031	3.089453	151
7604.758388	6.276240	1.856834	3.380077	152
7605.810909	5.804708	1.871402	3.101796	153
