crossing time (s)	slope (V/s)	crossing number
3901.188634	3.642162	3254
3902.225529	4.163331	3255
3903.268837	4.336377	3256
3904.280946	3.777329	3257
3905.335440	4.647595	3258
3906.357977	3.986675	3259
3907.388141	4.731959	3260
3908.432374	3.801657	3261
3909.458420	3.969924	3262
3910.485099	4.169968	3263
3911.539172	3.752204	3264
3912.550180	3.211248	3265
3913.597054	4.105640	3266
3914.634343	3.230645	3267
3915.655966	3.806493	3268
3916.700059	3.717886	3269
3917.737793	4.134322	3270
3918.754251	3.900839	3271
3919.810617	4.171790	3272
3920.822971	3.409501	3273
3921.870206	4.850424	3274
3922.901363	4.053756	3275
3923.928413	4.509588	3276
3924.973709	3.751646	3277
3925.995499	4.221629	3278
3927.039937	4.105599	3279
3928.065529	4.411975	3280
3929.103690	4.364657	3281
3930.135980	4.515550	3282
3931.169660	4.354160	3283
3932.205663	4.533081	3284
3933.238594	4.341482	3285
3934.273665	4.514438	3286
3935.308731	4.315560	3287
3936.338620	4.308938	3288
3937.377211	3.997575	3289
3938.400136	4.022370	3290
3939.443306	3.661400	3291
3940.465748	4.381268	3292
3941.505659	3.923304	3293
3942.539499	4.731101	3294
3943.568023	4.182327	3295
3944.616654	4.524716	3296
3945.629585	3.693938	3297
3946.683122	3.721220	3298
3947.699886	3.989408	3299
3948.740437	4.394294	3300
3949.780496	4.222725	3301
3950.805122	4.266562	3302
3951.847764	3.239591	3303
3952.879090	4.217485	3304
3953.903486	3.754311	3305
3954.955579	4.639550	3306
3955.969759	4.032891	3307
3957.021319	4.250642	3308
3958.045419	3.915374	3309
3959.077810	4.250656	3310
3960.118651	4.058798	3311
3961.141072	4.589271	3312
3962.184730	3.908982	3313
3963.213617	4.541438	3314
3964.246633	3.800818	3315
3965.288387	4.518976	3316
3966.309038	3.753428	3317
3967.360309	4.366669	3318
3968.373058	3.545407	3319
3969.428744	4.197782	3320
3970.439588	3.719779	3321
3971.495575	4.041277	3322
3972.506006	3.878465	3323
3973.562390	3.846545	3324
3974.572876	3.922791	3325
3975.631062	3.852674	3326
3976.641227	3.582701	3327
3977.699247	4.021716	3328
3978.710994	3.452064	3329
3979.765196	4.294842	3330
3980.783042	3.294747	3331
3981.829177	4.450950	3332
3982.858037	3.487690	3333
3983.890607	4.568053	3334
3984.931324	3.864720	3335
3985.951961	4.361256	3336
3986.999341	4.032780	3337
3988.023498	4.319719	3338
3989.061518	4.657900	3339
3990.099863	5.020129	3340
3991.120233	4.583333	3341
3992.171493	4.869717	3342
3993.184587	4.125897	3343
3994.235032	5.154117	3344
3995.258551	4.429165	3345
3996.294240	5.268395	3346
3997.333251	4.448258	3347
3998.355733	4.944602	3348
3999.401928	4.238802	3349
4000.424925	4.608538	3350
4001.464311	4.544421	3351
4002.498877	4.692077	3352
4003.525902	4.728245	3353
4004.572084	4.661071	3354
4005.589406	4.486240	3355
4006.642844	4.507188	3356
4007.656257	4.151673	3357
4008.711177	4.634723	3358
4009.724261	4.008196	3359
4010.778015	4.636452	3360
4011.792268	3.922912	3361
4012.845796	4.649779	3362
4013.860284	3.854306	3363
4014.914296	4.633901	3364
4015.927591	3.699946	3365
4016.982161	4.403856	3366
4017.993463	3.767949	3367
4019.048150	4.033965	3368
4020.060074	4.025460	3369
4021.111135	4.032560	3370
4022.130872	4.350669	3371
4023.173453	4.623489	3372
4024.205429	4.663862	3373
4025.237766	4.877799	3374
4026.279765	4.347145	3375
4027.302370	4.442447	3376
4028.347802	3.457527	3377
4029.369915	4.267429	3378
4030.407491	3.506548	3379
4031.443434	4.717066	3380
4032.469523	4.284170	3381
4033.518666	5.074617	3382
4034.535198	4.084773	3383
4035.589885	4.483943	3384
4036.602159	3.618087	3385
4037.652114	3.730155	3386
4038.674469	3.969643	3387
4039.711547	4.308616	3388
4040.748562	4.354091	3389
4041.776083	4.777206	3390
4042.821014	4.501666	3391
4043.843091	4.641878	3392
4044.890470	4.088551	3393
4045.910629	4.262218	3394
4046.956815	3.396599	3395
4047.977605	4.227890	3396
4049.021820	3.187841	3397
4050.044866	4.313913	3398
4051.087694	3.344503	3399
4052.111823	4.443440	3400
4053.155000	3.511586	3401
4054.178575	4.773587	3402
4055.224524	3.626083	3403
4056.246418	4.525775	3404
4057.293692	3.725594	3405
4058.314339	4.419191	3406
4059.361870	3.850384	3407
4060.384733	4.175917	3408
4061.427790	4.063981	3409
4062.457761	4.159371	3410
4063.490757	4.157720	3411
4064.531439	4.456019	3412
4065.552109	4.144073	3413
4066.602966	4.632749	3414
4067.616118	3.943893	3415
4068.671378	4.789040	3416
4069.686240	3.882086	3417
4070.735233	5.102459	3418
4071.760743	4.215400	3419
4072.797875	5.240320	3420
4073.834116	4.508518	3421
4074.859998	5.161483	3422
4075.904351	4.500414	3423
4076.925113	4.901953	3424
4077.971663	4.427152	3425
4078.993472	4.754851	3426
4080.037056	4.685590	3427
4081.064994	4.956849	3428
4082.102143	4.975431	3429
4083.136508	5.111497	3430
4084.167900	4.988689	3431
4085.206934	5.169070	3432
4086.234842	4.821197	3433
4087.276907	5.090518	3434
4088.301096	4.501972	3435
4089.345583	4.822600	3436
4090.368041	4.156750	3437
4091.412600	4.470478	3438
4092.435471	3.894479	3439
4093.477910	4.150674	3440
4094.503876	3.862075	3441
4095.541825	4.032646	3442
4096.573546	4.020502	3443
4097.605282	4.297436	3444
4098.643713	4.179681	3445
4099.669479	4.637682	3446
4100.713579	4.273582	3447
4101.735547	4.774421	3448
4102.782258	4.072325	3449
4103.803357	4.712844	3450
4104.847795	3.792766	3451
4105.873495	4.741639	3452
4106.910610	3.798799	3453
4107.946150	4.880395	3454
4108.973561	4.051743	3455
4110.018935	5.011702	3456
4111.037911	4.235042	3457
4112.089798	4.821332	3458
4113.103771	4.049546	3459
4114.157047	4.386012	3460
4115.171641	4.075009	3461
4116.221034	4.141629	3462
4117.242182	4.267857	3463
4118.284111	4.456504	3464
4119.314136	4.546394	3465
4120.348979	4.873311	3466
4121.385579	4.731924	3467
4122.415589	5.001995	3468
4123.456203	4.714438	3469
4124.483075	4.847493	3470
4125.525843	4.525135	3471
4126.550490	4.659928	3472
4127.594727	4.385198	3473
4128.618507	4.432726	3474
4129.662623	4.289106	3475
4130.686625	4.377374	3476
4131.730161	4.230566	3477
4132.756578	4.242370	3478
4133.797138	4.182501	3479
4134.827217	4.197793	3480
4135.862976	4.159671	3481
4136.898180	4.250370	3482
4137.925736	3.972197	3483
4138.969071	4.331709	3484
4139.987789	3.728068	3485
4141.038650	4.384112	3486
4142.051966	3.685252	3487
4143.107163	4.583774	3488
4144.120231	3.646265	3489
4145.174056	4.899239	3490
4146.192322	3.817503	3491
4147.238952	5.151375	3492
4148.266572	4.057690	3493
4149.303312	5.140597	3494
4150.339399	4.268551	3495
4151.366541	4.988747	3496
4152.409216	4.187271	3497
4153.430378	4.682405	3498
4154.477348	4.119753	3499
4155.495705	4.487430	3500
4156.544696	4.142717	3501
4157.563565	4.453116	3502
4158.611160	4.304362	3503
4159.633634	4.440248	3504
4160.678634	4.432385	3505
4161.703195	4.433257	3506
4162.745671	4.381398	3507
4163.772977	4.355503	3508
4164.813113	4.310379	3509
4165.841195	4.184976	3510
4166.880762	4.145408	3511
4167.907392	4.050102	3512
4168.947426	4.066526	3513
4169.973206	4.085508	3514
4171.014868	4.002718	3515
4172.038906	4.279748	3516
4173.082938	4.052249	3517
4174.104629	4.519929	3518
4175.151548	4.060554	3519
4176.171354	4.727979	3520
4177.219027	4.145855	3521
4178.238731	4.817200	3522
4179.286213	4.082220	3523
4180.307405	4.987233	3524
4181.351906	3.983632	3525
4182.377790	5.038809	3526
4183.416493	4.047031	3527
4184.449049	5.109944	3528
4185.480925	4.188410	3529
4186.521094	5.136941	3530
4187.545753	4.243653	3531
4188.592052	5.137593	3532
4189.611221	4.144424	3533
4190.661513	4.808508	3534
4191.677078	4.011218	3535
4192.728689	4.363861	3536
4193.744038	4.205871	3537
4194.793669	4.304832	3538
4195.812849	4.421755	3539
4196.858314	4.514969	3540
4197.883415	4.733679	3541
4198.924483	4.993831	3542
4199.954549	4.929227	3543
4200.991604	5.223452	3544
4202.024957	5.059220	3545
4203.059938	5.313555	3546
4204.094962	5.119139	3547
4205.128629	5.271584	3548
4206.164344	5.024886	3549
4207.198045	5.184637	3550
4208.232772	4.934594	3551
