crossing time (s)	slope (V/s)	crossing number
6249.641337	3.354087	5497
6250.696203	3.254776	5498
6251.709456	3.283832	5499
6252.763333	3.332904	5500
6253.777398	3.228478	5501
6254.830517	3.377842	5502
6255.845097	3.195054	5503
6256.898073	3.249199	5504
6257.912678	3.221588	5505
6258.965589	3.295307	5506
6259.980044	3.168374	5507
6261.033460	3.191721	5508
6262.047057	3.151290	5509
6263.101008	3.207806	5510
6264.113830	3.159527	5511
6265.169037	3.183635	5512
6266.181010	3.115178	5513
6267.236824	3.146037	5514
6268.247985	3.115754	5515
6269.304731	3.078865	5516
6270.315029	3.130961	5517
6271.372443	3.094746	5518
6272.382439	3.066072	5519
6273.440076	3.059273	5520
6274.449998	3.089358	5521
6275.507311	3.069736	5522
6276.517861	3.089542	5523
6277.574105	3.086544	5524
6278.585841	3.026607	5525
6279.640837	3.052696	5526
6280.654185	2.937320	5527
6281.707218	3.074533	5528
6282.722826	2.928599	5529
6283.773882	3.094205	5530
6284.791247	2.947151	5531
6285.840294	3.159691	5532
6286.859898	2.947341	5533
6287.907024	3.187440	5534
6288.928311	2.927174	5535
6289.973619	3.150312	5536
6290.996419	2.956077	5537
6292.040517	3.239440	5538
6293.064592	2.998258	5539
6294.107963	3.146089	5540
6295.132377	3.011192	5541
6296.175327	3.184239	5542
6297.200042	3.014665	5543
6298.243021	3.192436	5544
6299.267730	2.995630	5545
6300.310809	3.096215	5546
6301.334791	2.991861	5547
6302.379112	3.104995	5548
6303.401485	2.973769	5549
6304.447356	3.082577	5550
6305.467975	2.885171	5551
6306.515790	3.085100	5552
6307.534602	2.886189	5553
6308.584428	3.031534	5554
6309.600944	2.854746	5555
6310.652913	3.036678	5556
6311.667220	2.903323	5557
6312.721322	2.992334	5558
6313.733854	2.963548	5559
6314.789451	2.998603	5560
6315.800481	3.047263	5561
6316.857314	3.011664	5562
6317.867829	3.097985	5563
6318.925100	3.052394	5564
6319.935496	3.090961	5565
6320.992488	3.076684	5566
6322.003373	3.235450	5567
6323.060204	3.126303	5568
6324.071236	3.233795	5569
6325.127481	3.201830	5570
6326.139113	3.204864	5571
6327.194749	3.177467	5572
6328.207164	3.187894	5573
6329.262142	3.193835	5574
6330.275132	3.171962	5575
6331.329648	3.182301	5576
6332.342710	3.164745	5577
6333.397265	3.137714	5578
6334.410223	3.098622	5579
6335.464833	3.162715	5580
6336.477628	3.101785	5581
6337.532442	3.122374	5582
6338.544816	3.062174	5583
6339.600372	3.114458	5584
6340.612021	3.050403	5585
6341.668222	3.061751	5586
6342.679111	3.052349	5587
6343.735920	3.064248	5588
6344.746366	3.049687	5589
6345.803589	3.042909	5590
6346.813661	2.967268	5591
6347.871402	3.052444	5592
6348.881187	2.915094	5593
6349.938535	3.003593	5594
6350.949049	2.945002	5595
6352.005817	2.935463	5596
6353.017263	2.887398	5597
6354.072797	3.013639	5598
6355.085157	2.882366	5599
6356.139645	2.954695	5600
6357.153518	2.891485	5601
6358.206227	3.009428	5602
6359.221837	2.834764	5603
6360.273043	2.987617	5604
6361.290270	2.842478	5605
6362.339567	2.988210	5606
6363.358793	2.783978	5607
6364.406473	3.048095	5608
6365.426942	2.780273	5609
6366.473378	3.044076	5610
6367.495099	2.794577	5611
6368.540520	3.047065	5612
6369.562853	2.777313	5613
6370.607946	3.013188	5614
6371.630556	2.805256	5615
6372.675654	3.075111	5616
6373.698085	2.791901	5617
6374.743342	3.025470	5618
6375.765340	2.855847	5619
6376.811446	3.005724	5620
6377.832491	2.771031	5621
6378.879568	3.036911	5622
6379.899431	2.874229	5623
6380.947840	2.969203	5624
6381.966065	2.713955	5625
6383.016244	2.986475	5626
6384.032841	2.787092	5627
6385.084598	2.952997	5628
6386.099631	2.737290	5629
6387.152943	2.917719	5630
6388.166307	2.850679	5631
6389.221005	2.904709	5632
6390.233276	2.872269	5633
6391.288984	2.867596	5634
6392.300438	2.865102	5635
6393.356817	2.918010	5636
6394.367852	3.007817	5637
6395.424433	2.932533	5638
6396.435474	3.012932	5639
6397.492027	3.013069	5640
6398.503199	3.102023	5641
6399.559699	3.066071	5642
6400.570964	3.036278	5643
6401.627159	3.090691	5644
6402.639029	3.030630	5645
6403.694637	3.067906	5646
6404.706725	3.084663	5647
6405.762179	3.080913	5648
6406.774417	3.034051	5649
6407.829805	3.096595	5650
6408.841996	3.053621	5651
6409.897405	3.086499	5652
6410.909690	2.956744	5653
6411.965191	3.085251	5654
6412.977228	2.944010	5655
6414.032927	3.020644	5656
6415.044382	2.970075	5657
6416.100578	3.044710	5658
6417.111810	2.976300	5659
6418.168286	3.013457	5660
6419.179206	2.949027	5661
6420.236046	2.993576	5662
6421.246587	2.903147	5663
6422.303579	2.930842	5664
6423.314312	2.884460	5665
6424.370982	2.827606	5666
6425.382082	2.878195	5667
6426.438361	2.901614	5668
6427.449896	2.841138	5669
6428.505479	2.834941	5670
6429.517910	2.806038	5671
6430.572628	2.854425	5672
6431.586105	2.763534	5673
6432.639703	2.894869	5674
6433.654293	2.744859	5675
6434.706609	2.877863	5676
6435.722646	2.684648	5677
6436.773612	2.930073	5678
6437.790716	2.700130	5679
6438.840590	2.945310	5680
6439.858793	2.685463	5681
6440.907630	2.975264	5682
6441.926925	2.639417	5683
6442.974845	2.926959	5684
6443.994969	2.695629	5685
6445.042191	2.967575	5686
6446.062829	2.690792	5687
6447.109747	3.017103	5688
6448.130532	2.661870	5689
6449.177428	2.936566	5690
6450.197847	2.657884	5691
6451.245431	2.963043	5692
6452.265149	2.665237	5693
6453.313356	2.926993	5694
6454.332467	2.660028	5695
6455.381597	2.916483	5696
6456.399424	2.638876	5697
6457.449784	2.986693	5698
6458.466397	2.644239	5699
6459.518016	2.902883	5700
6460.533469	2.590186	5701
6461.586149	2.964340	5702
6462.600353	2.672022	5703
6463.654406	2.871808	5704
6464.667621	2.717526	5705
6465.722519	2.879810	5706
6466.734688	2.790549	5707
6467.790397	2.883648	5708
6468.801964	2.861356	5709
6469.858205	2.879761	5710
6470.869279	2.909120	5711
6471.925941	2.910342	5712
6472.937114	2.907234	5713
6473.993609	2.936251	5714
6475.004798	2.956986	5715
6476.061088	3.002614	5716
6477.072209	2.945817	5717
6478.128693	2.970992	5718
6479.140193	2.915175	5719
6480.196457	2.992321	5720
6481.208106	2.959901	5721
6482.264028	2.967012	5722
6483.276023	2.932926	5723
6484.331518	2.964503	5724
6485.343497	2.879458	5725
6486.399244	2.934951	5726
6487.411055	2.947699	5727
6488.466968	2.891991	5728
6489.478708	2.890494	5729
6490.534623	2.870541	5730
6491.546121	2.876192	5731
6492.602371	2.882059	5732
6493.613453	2.838672	5733
6494.670010	2.830008	5734
6495.681127	2.804229	5735
6496.737718	2.829731	5736
6497.748818	2.823630	5737
6498.805289	2.835874	5738
6499.816578	2.795410	5739
6500.872597	2.830419	5740
6501.884344	2.762129	5741
6502.939950	2.850036	5742
6503.952527	2.732568	5743
6505.007118	2.786643	5744
6506.020577	2.636611	5745
6507.074218	2.805367	5746
6508.088618	2.676703	5747
6509.141237	2.800487	5748
6510.157124	2.598349	5749
6511.208265	2.838756	5750
6512.225662	2.550818	5751
6513.275165	2.846779	5752
6514.293588	2.530487	5753
6515.342434	2.829277	5754
6516.361791	2.544383	5755
6517.409680	2.880005	5756
6518.429684	2.606372	5757
6519.477189	2.861230	5758
6520.497689	2.569657	5759
6521.544756	2.892667	5760
6522.565491	2.563705	5761
6523.612714	2.851165	5762
6524.633258	2.569214	5763
6525.680270	2.815327	5764
6526.700746	2.547885	5765
6527.748367	2.853384	5766
6528.767957	2.550758	5767
6529.816528	2.889213	5768
6530.835084	2.625614	5769
6531.884634	2.869163	5770
6532.902329	2.502786	5771
6533.952835	2.848922	5772
6534.969365	2.548414	5773
6536.020999	2.843201	5774
6537.036663	2.620127	5775
6538.089183	2.752409	5776
6539.103541	2.640190	5777
6540.157058	2.748827	5778
6541.171076	2.651340	5779
6542.225140	2.718700	5780
6543.238050	2.700945	5781
6544.293028	2.782102	5782
6545.305648	2.742404	5783
6546.360963	2.818417	5784
6547.373152	2.741421	5785
6548.428806	2.833722	5786
6549.440881	2.809305	5787
6550.496646	2.883945	5788
6551.508735	2.884876	5789
6552.564303	2.913568	5790
6553.576443	2.829179	5791
